9788500009853
9788500009266
9788500003493
9788500002595
9788500012518
9788574742106
9786627409815
9788447328604
9788500002816
9788500015144
9788500015328
9788500017889
9788500020346
9788500100055
9788500604317
9788500630859
9788500801051
9788501003027
9788501008565
9788501015204
9788501024268
9788501053831
9788501065995
9788501066015
9788501066039
9788501066046
9788501066053
9788500006746
9788500001994
9788501072535
9788500010125
9788526807686
9788528900620
9788500006005
9788532512970
9788500001413
9788500008726
8532800270
9788532800688
9788532801289
9788532801593
9788532801722
9788500001789
9788500005053
9788532802675
9788532803221
9788532803252
9788532803351
9788535900750
9788500009747
9788571104143
9788571104945
9788571140905
9788571141322
9788500010835
9788571391475
9788571644755
9788571647008
9788571648463
8571950377
9788572910200
9788500012402
9788572910637
9788572911214
9788500013249
9788574740546
9788574741185
9788574741659
9788574741987
9788574742137
9788574742366
9788574742816
9788575421048
8576620065
700456620172
9788576620273
9788576820338
9788576820437
8577991040
9788500007880
9788585637156
9788585775131
9788585775445
9788585775629
9788585949228
9788585949433
9788585949457
9788585949464
9788585949648
9788585949877
9788500002861
9788586264184
9788586447013
9788586447297
9788586447372
9788586447501
9788500001291
8586502260
9788586502583
9788500012723
9788586966187
9788586966316
9788587284204
9788587291028
9788587291790
9788587444318
9788587514066
9788587572011
9788587648228
9788587648488
9788587648853
9788589237017
9788590330219
9788500015625
9788590888000
9788500009907
9788587723611
9788598093024
9788598128559
9788599628058
9788571141063
9788520930656
9788500001383
9788500008252
9788500003189
9788571642508
9788500009365
9788500011405
9788586857072
9788500006043
9788500004100
9788500012068
9788500012884
9788500002373
9788500011337
9788500015915
9788576358565
9788501040220
9788580190106
9788580190113
9788580190120
9788580190397
9788585641221
9788500015700
9788532807144
8590714608
9788535901610
9788534931700
8586966118
9788525049865
9788500010583
9788532636751
9789725649749
9788501005304
9788500000041
8586090476
8575422251
9788504017977
9788504018011
9788504004861
9788573128642
9788500000195
9789720726940
8574741280
8522005230
8574742732
9788585985325
9788532803870
9780000288110
9788500000027
9788577990009
9788573032109
9788525416070
9788576763741
9788574320106
9788525046611
9788501054029
9788575422397
9788500000010
9788586796456
9788573254297
9788500000034
8590250628
8575420348
9788586796791
8575420780
9788576620235
8585627328
9788586796524
8576650274
9788500000058
9788576823308
8587995278
8586801020
9788586801020
9788525406118
9788599362389
9788575425114
8574023752
9788572324304
9788537800584
9788500000546
9788571104952
9788588350779
9788500000522
9788500000508
9788561773168
9789722037433
9788587643063
9788599772362
9788585775766
8586583294
9788572327534
9788523005696
9788580440225
8526212028
9788531503504
9788571645400
9788535901733
9788532505170
8571871515
9788575421024
9788573747393
8501066117
8574025011
9788532804488
9788501075802
9788573022629
9789725647868
9788535914849
9788525033468
9788588081468
9788532518378
9788500000515
8586647195
9788588886575
9788500000539
9788500016226
9788500000645
8574023035
8572910310
9788572444491
9788535909296
9788571644953
9788573587173
9788539000593
9788539002948
9788500016677
8526210408
9788535235227
9788500000553
9788575423981
9788571105539
9788537800669
9788525052247
9788532632220
9788532632869
9788500000096
9788535919615
9788590579199
9788536624686
9788531209857
9788535916829
9788576570493
9788573020809
9788531612428
9788500000119
9788531612244
8531602092
9788585775841
9788500000072
9788563219435
8590579131
9788500000126
9788572911788
9788572911559
9788576842361
9788501080172
5602831008986
9788588844131
9788588844162
9788573283945
9788586796760
9788532618450
9788515019007
9788577993079
9788532802729
9788532635792
9788575222324
9788524917547
8573024674
9507311424
8571950121
8535903267
9788500000089
9788574742052
9788537802588
9788501086952
9788575001219
9788520924938
9788571143005
9788562936067
9788500012662
9788539301423
9788531612558
9788577153558
9788525415554
9788580571325
9788585252804
9788532804433
9788576721635
9788537813898
8573360011
9788500009914
9788532806895
9788500004810
9788500012532
9788572910729
9788574307053
9788587389619
9788586870354
9788525429995
8534914559
9788532804105
9788500012556
9788500000966
9788587444530
8525042102
9788500003790
9788566249095
9788574744810
1516-9162
9788500015502
9788532800237
9788500002083
9788574740577
9788572162500
9788500003646
9788586647277
9788573028317
9788532805294
9788502218482
9788500009082
9788574742120
9788500010842
8585433566
9788500002939
8575422162
9788599296646
8535909340
8585775904
9788576653202
9788564034051
9788574025001
9788588081222
9788585940614
9788500012617
9788500010729
9788500001314
9788576826750
9788500000935
9788500011610
9788500003615
9788500003585
9788532801814
9788500006470
9788587017024
9788500013706
9788520926093
8526004735
9788535911800
8571647755
9788520930038
9788525057921
9788523012762
9788577342990
9788573125122
9788539003983
9788590394631
8508057598
9789726958826
9788500016325
9788532802972
8574740551
9788560156634
9788572837828
9780061956270
85859490203
8532802630
9788561136550
8572910409
9788525411044
9788500016462
9788500003912
9788500007972
9788525052407
9788500008559
9788500006500
9788500010552
9788588844384
8589420035
8588417014
9788574743233
9788500001604
978857474324
8532802915
9789726620105
9788580575699
9788528607260
9788500001161
9788500012181
9788586864643
9788500016479
9788574741727
9788535910308
9788503006736
9788572838054
9788574743950
9788539505883
9788598128658
9788500005237
9788561136918
9788535209099
9788539005352
9788574741260
9788500007026
9788586857256
9788500000447
9788500016110
9788500011542
9788500012709
9788500002298
9788500002106
9788572911238
9788500001581
9788500015267
9788572910521
9788586857157
9788585775414
8520926574
9788500005244
9788500015618
9788525054296
9788500015939
8532803091
8532801820
9788573263596
9788588023673
9788525416650
9788532804426
9788585775810
9788500004377
9788500004308
9788500006425
9788500009044
9788573360103
9788574741826
8510023760
9788574743547
9788500000911
9788535900989
9788574742526
9788537814673
9788585949754
9788500004452
9788500007361
9788500009419
9788574742335
9788535912449
9788583020004
9788500002403
9788587444431
9788573360080
9788500007132
9788590066026
9788500000102
9788500004230
9788500002564
9788500006760
9788574740423
9788500009518
9788500001543
9788500012877
9788574743363
9788500002311
9788525047687
9788542204681
9788500012570
9788503006385
9788570185488
9788535922226
9788525432186
9788578277932
9788535910735
9788532804914
9788525040596
9788500012983
9788500001109
9788571950115
9788587648105
9788500007668
9788585949662
8533603193
9788500003059
9788500002007
9788576820703
9788587444196
9788500002595
9788500016455
9788500003363
9788571107113
9788500001727
9788500012365
9788500005503
9788500005046
9788500001673
9788586966392
9788585701123
8503003279
9788500000959
9788500005879
9788500010392
9788500006555
8571140383
9788500015687
8513008605
9788500008528
9788500014826
9788500003301
9788532802309
9788532804303
9788560296040
9788586966255
9788586966385
9788500006326
9788532802828
9788500008412
8526002503
8576821028
9788574744292
8532802966
9788573360042
9788574742328
9788532803306
9788500010620
9788572910187
9788500009327
8573686189
9788500009150
9788500010910
9788570072924
9788586090257
9788500010590
9788500005701
9788532803085
9788587444172
9788586966149
9788500007194
9788587977540
9788500002991
9788500006845
9788500004568
8572910484
9788576620327
9788573264111
9788500003936
9788573191714
8589049019
9788500012938
9788574211558
9788574743172
9788500007804
9788501069641
9788574743271
9788500005589
9788500003035
9728005261
9788500005022
9788500011863
9788500002441
9788500006685
9788500002274
9788500009013
8531606039
9788500004858
9788500008771
8587648403
9788500009495
9788586966637
9788500016271
9788500003431
9788500002472
9788500007484
8587444182
9788500007569
9788532803948
9788500009389
8585433671
9788500008320
9788574743660
9788500016646
9788500006586
8572820360
9788500004896
9788500012150
8585775483
9788500015069
9788500005602
9788578542252
9788500011559
8588256061
9188500018280
9788500004346
9788500012266
9788500003691
8501084453
9788500002670
9788500005756
8574744063
9788500010088
9788500006937
9788500009921
9788503006828
9788500014864
8511150404
8888557119
9788500008436
9788574741604
9788500016127
9788500002380
9788500016417
9788574741932
9788500005541
9788525001832
8587977628
9788500009068
9788500002625
9780001864726
9788500001307
9788500010781
8532802982
9788501081469
8585949597
9788580412833
9788500002571
9788586864681
8586941450
9788500014352
9788500001772
9788500002588
9788500001925
9788500007316
9788572836593
9788564210462
8501077909
9788571647398
9788535906431
9789722112635
8574192376
9788535923094
9789722119887
9788579490460
9788466369640
9788535915556
8535905200
8535906983
8574062758
8585466960
8571647631
9788535907124
9788599406380
9788577807246
9788576084518
9788573126617
9788521616962
9788577808076
9788521903291
8585637080
9788576084167
9788535221909
8575422537
9788580444988
9788500004926
9788572910361
9788576163787
8575421727
9788500010361
9788500002908
8586870641
8574740373
9788500012693
8585949830
9788500000355
8574740160
9788500005039
8588889021
8575341995
9788500001000
9788598128306
9788591216901
9788500005985
9788574744728
8573360070
8526224085
9788500007217
8590250210
9788500013584
9788566712032
8532803679
9788598981680
8532802931
8576620316
9788500002878
9788500001987
8533606753
9788500014475
9788574740195
9788500008047
8586447862
9788500012495
9788500013218
8575350420
9788500007309
9788586870606
9788500009587
9788585949198
8532800980
9788576620679
9788500003769
9788500005770
8587140108
9788500008641
8585775360
9788500003776
8532802885
9788500002717
8585949880
8590367118
9788500012419
8574742791
9788590250647
8587648480
9788500002847
9788500003882
8599944010
8532800815
9788500014710
9788500008498
9788500008337
8586447137
9788571140196
8574741400
9788500011108
8532802567
9788500009341
9788500007910
9788576960355
9788500001321
9788574746685
8586966096
8587648250
9788500008016
8575350188
9788500006531
8504000397
9788574744360
9788500014956
9788500009549
8586447404
9788500011054
9788500013904
9788500007538
9788532801968
8573028203
8501069205
9788532801005
9788585949532
8574741868
8573028211
8573028190
8573028149
9788520935255
9788535914511
9788500007705
9788520339657
9788573212747
9788571642416
9788576763567
9788574744100
8572441280
8535903003
9788500011856
978857291436
8574600520
8571643121
8532621988
8574742546
8535908102
9788520008256
9788572444194
8520007287
8574601640
9788563560568
9788574603346
8533614900
8585134623
9788500009143
9788500304699
8585490110
8520909850
8572910999
9788508101214
9788525420862
9788571106093
8520927637
9788500008344
9788500006494
9788500012549
9788500007989
9788589078177
9788586870118
9788586966231
9788599296585
9788500010026
9788500011221
9788500002250
9788500001550
9788500006593
9788500016264
9788500006647
9788562169007
9788500011474
9788500005787
9788500000706
8587977024
9788500010507
9788500010163
8570830122
8587977067
9788500015809
9788500007101
9788500016240
9788598128290
9788590707004
9788587887085
9782758001492
9788574743295
9788590267119
9788588844032
9788590514930
9788585949891
9788587267016
9788587100153
9788580446494
8589420051
9788500009457
8586720119
9788588844360
9788588844438
8590406415
8586720089
9788500012099
8586720291
8590261816
8587140132
9788589420112
8576620073
8586870030
8589420060
9788500011023
9788500010101
9788500001536
8561551003
8574742341
9788532804570
9788500013072
9788500006340
9788500007293
9788500015649
9788500014109
9788500012891
9788500013300
9788500002458
8532801046
9788500006821
9788500010309
9788500013645
9788500013850
8520414192
9788500010262
8585020237
9788500013034
8586720240
9788500014178
8587977270
9788500010149
8586870080
9788564210059
9788500011511
8520409172
8520408206
9788500011573
8587648860
9788500007446
9788599833049
8590297519
8586864137
9788561906009
8574742228
8506030765
8589420221
9788586864605
9788500007248
8589149021
9788500008283
9788500013867
9788585380410
9788588844254
9788500015342
9788500005145
9788525057068
9788525051363
9788586502248
9788500005411
9788500011184
9788500007200
8521507380
8520801609
9788500009501
8533623569
9788500008214
9788590514954
9788580190359
9788500006364
8510032386
9788500011313
9788500012761
9788500015328
9788500004414
9788500014291
9788500007798
9788500014857
9788500013010
9788500013195
9788500012686
9788500015953
9788500008269
9788500014758
9788500008757
8574741191
9788500015014
8585371170
9788500003592
98154808254428
9788573023831
9788500013683
9788500005657
9788500006562
9788500012006
9788500014185
9788562096006
97885590474234
9788583310112
8590394620
8526231430
9788588844544
9788500005978
9788532804198
8576820501
8586864129
9788532803894
9788500003707
8588793288
8587648578
9788500006173
9788532803832
8532802656
9788532806079
8585775173
8587291718
9788500015113
9788500012211
9788532804167
8574741752
8532802362
9788500011368
9788500008788
9788500004339
8572911189
9788500010071
8574740993
8574742660
8532802648
8585949090
9788500004117
8574740616
9788500000768
9788500012914
9798572911428
9788500008597
9788500002557
9788500010613
8585949040
9788532508843
9788500005060
9788500002335
9788500009976
9788587444707
9788500009310
8590248712
8585433655
9788500006913
9788500015496
8574742317
9788500008238
9788574744742
8532800807
9788500010880
9788500008368
8588793121
8532800296
9788583310228
8587977512
8574743500
9788500002465
9788500013164
9788500008801
9788500013294
8588793199
8532803245
9788500013799
9788500009488
9788500000898
9788500005664
8585949848
9788500016547
9788574744209
9788500002328
9788500014123
9788500000751
9788500016370
9788500006302
9788500011306
9788500008276
9788589420082
8574742260
9788572911412
9788532806147
8528610837
9788532646552
9788532646545
8532802532
9788574321233
8788534268621
9788520932476
8585913452
9788578810979
9788586251061
9788561773069
9788532645029
9788578275020
9788500000287
9788580444384
9788537800706
9788524914508
9788532616685
9788580444537
9788590978909
8533616686
8532000319
9788578273378
9788576821786
9788500000331
9788578742829
8587648438
9788536320106
9788585775612
9788532600691
9788563560162
9788574600116
9788521903796
9788500023538
9788524914140
8590370925
8501067059
9788500000294
9788503006217
9788572911399
9788500000300
9788500007958
8586647187
9788520506387
85869966118
9788521804932
9788577190157
9788539004997
9788561706326
9788501058485
9788500010859
8586447501
9788527301091
9788532805737
l9788500000256
9788500000317
9788588414143
9788576981411
8588081377
8587935011
9788576500995
9788576502098
9788577182596
9788576860945
9788578380564
9788500000263
9788578970123
9788525047717
9788532525758
9788578542160
8572160159
9788535643346
9788500000270
8585969288
9788500000225
9788500024283
9788560434657
9788532617873
9788532631923
9788500000164
8520917275
9788532632845
9788525417664
9788500000171
9788525407177
8531603471
9788532803276
9788532617620
9788571395862
9788575568897
9788525416018
8572835474
9788520923078
9788535917154
9788535901702
9788500007934
9788578271169
9788500010019
9788572836166
9788572835800
9788572835749
9788572325585
9788575567067
9788532635235
l9788500016301
9788500000393
9788575567791
9788572323413
8520917453
9788525417183
9788535906417
9788575566008
9788576359326
9788520930830
9788575569269
9788572325875
9788520931516
9788572327084
9788572324274
9780300083286
9788577153237
9788575569177
9999049270295
9788503007597
9788500010033
9788576358602
9788585985301
8535118713
9788542200058
8520007643
8531603099
9789892317915
9788576842385
9788578170509
9788500000386
9788500000362
9788500000379
9788522011292
9788520927847
9788500024283
9788532805867
9788573024616
9788532806628
9788529300962
9788576842125
9788578101510
9788533608184
9788574960210
9788537809594
9788520006948
9788500024191
9788500000133
9788576651451
9788562617034
9788574741703
9788535922325
9788588343788
8585913045
9788537807675
9788575426432
9788533615496
9788531507106
9788532801678
9788535913026
9788560156634
9788501087751
9788515039388
9788500016509
9788562936692
9788570414731
8590364879
9788574025926
9788585936488
9788535245271
8586435651
9788535910933
8574320161
9788520927151
9789722026703
9788571390409
9788571647145
8535904948
9788563219626
8520008992
8532802796
9788580573824
9788535237757
9788520006610
l9788574320632
9788574320632
9788576356097
9788532638649
9788535213799
9788574321240
9788537003442
9788532804600
9788532527127
9788579390043
9788575423431
9788520928899
9788571109667
8532802788
9788532625670
9788532625533
9788575420928
9788575812860
9788571107687
9788535910544
9788539003624
9788535920802
9788531401459
9788533609877
9788571646773
9788575420409
8571647178
9788501089977
9788500002540
8508011717
9788532804129
8532803261
9788500000065
8585725885
9788500002496
9788563876119
9788562226021
9788532803900
9788535900323
9788501402516
9788535915723
9788587122087
9788535911299
9788571645301
9788535906547
9788575421529
9788500016486
8528900622
8520420010
9788532606631
9788535904901
9788535910704
9788508134694
9788587795304
9788539003280
9788578810856
9788532509659
9788532513168
9788535244557
9788573029536
8520006906
9788515019687
8511120106
9788516063924
9788533612013
9788532521606
9788500012112
9788500000980
9788576828822
9788500016530
9788586864674
9788500011320
9788500008092
9788500006630
97875910740
8586447340
8587757342
9788500012778
9788500013973
8532802370
9788500009259
9788500015137
9788500015243
9788577531653
8532803571
9788500016424
9788500013027
8515018462
8598108014
8508061374
8587757180
9788561136895
85884668093
9788524904240
9788573076370
9788500003011
8574741035
9788500006166
8532801897
8587444140
8571140928
9788532803917
8521907656
9788500006098
9788532803863
9788500004384
9788500002892
8578995723
8585949953
9788501063694
9788500002793
9788532804945
9788587757609
9788500006258
9788500005824
9788500005213
8571394326
9788500015359
9788500002885
9788500014277
9788500004162
9788573029864
9788500004940
9788500005572
9788500004056
9788500004261
9788539000104
9788500009204
9780000130600
9788500006081
9788500006142
9788574600048
8535706305
9788500004186
9788500008832
9788500004841
8573025107
978858744459
8535707018
8532803059
9788532804013
9788500007781
9788588062894
8532803199
9788586870842
8573211040
9788500005800
9788500005428
9788500005848
9788580190205
9788599296530
9788500003516
9788500004032
9788561136642
9788500003127
9788500006159
9788500005510
9788500003394
9788500004964
8585949783
8532801420
9788500005527
8590206912
9788500003752
8532800173
9788500005954
9788500005992
9788500016394
8590384519
9788574744537
8570113269
9788500003967
9788500002533
9788500004445
8573593024
9788500002779
8574741876
9788500005831
8585949996
8585949589
9788574743516
8574742600
9788532522665
8574742562
8587795694
9788525407498
9788571648975
8532803008
9788535233797
9788501000897
9788536416588
8532802680
9788500012525
9788533622586
9788501073846
9788522013265
9788576842323
9788500001147
9788535918731
9788532623492
9788500001666
9788532806741
9788574583495
8574902195
9788532640383
8508061307
8535902155
9788572420327
9789722036207
9788543100944
9788500011061
9788500001482
9788577248056
8585752165
9770101958005
9788500005619
9788500001390
9788500013461
8506064910
9788501052773
9788532804341
9788574743691
8586447706
9788500005091
9788500002427
8587648390
9788500005121
9788500013287
9788598124032
8588793105
8587648624
9788574744902
9788500006111
9788580190663
8571141100
8587100238
9788500005206
9788590296119
9788500000652
9788500012273
9788576846437
9788567293493
9788580570939
9788564210547
9788568014035
9788536407890
9788500013393
8587291122
9788500015151
9788590703716
9788574724164
9788500005695
9788574744117
9788500005404
9788500011900
9788500003622
9788500008993
8574742430
9788500011566
9788500005640
9788500000348
9788500004155
8588844273
9788500005381
9788500006180
8586501115
9788500004001
8574740039
9788574743530
9788500010941
9788500009136
9788590120216
9788531506543
8575421972
9788575428153
9788576840626
9788560096510
9788539004119
9788587643018
9788575423134
8532619770
9788535216721
9788575427187
8575420470
9789879581650
8573677937
8531503108
9788599362457
9788501086884
8575422103
9788574020969
8574025380
8574600920
9788520919866
9788575424452
9788587873293
9788500001710
8574740365
9788500016684
9788561136475
9788500006296
9788500008825
9788500004520
9788561136666
8589149048
9788574742557
8589420205
9788560332953
9788500014741
9788500005459
8589848043
8586966509
9788500007279
9788587444349
8589420191
9788500013386
9788585775025
9788561136635
9788536807638
9788500010453
8573260947
8532800840
9788561136376
9788500005671
9788500008030
9788532804525
9788500011375
9788576620501
9788576620280
9788571141025
8560883002
9788500011078
9788561136659
9788500006753
9788500010798
8586677442
9788575429273
8589149013
9788500014512
9788500011535
9788500012204
9788500013966
9788500015946
9788500001505
9788500016172
9788500014406
9788500006715
9788500000249
9788500000232
9788500010217
9788501083178
9788500001154
8532803482
9788500015656
9788500006784
9788500004285
9788500008191
9788500015793
9788500007019
9788572329859
9788500013232
9788500005008
9788500005916
9788500003271
9788500004612
9788500006104
9788579800788
8572910506
8573590866
9788500003899
9788500003639
9788500003486
9788500003158
9788500005466
9788500015458
9788500013690
9788500012358
9788500007477
9788500012839
9788500011870
9788500015717
8532800335
9788500006333
9788500006050
9788500002977
9788500004827
9788500016288
9788500004124
9788500002762
8599628038
9788599628195
9788500016042
9788599628126
8599628046
9788501080998
8575350218
9788500014550
9788572322744
9788506072172
9788500005947
97888536618012
9788532802842
9788500010118
9788500012037
8587444077
9788578170585
8575311514
9788535911831
8574741230
9788500004421
9788500003745
9788500000614
9788535920475
8526001892
9788525043153
9788500013065
9788598128115
9788525039682
8573746149
9788525039699
9788500008887
9788500000591
9788500002915
9788500014222
9788500007071
9788500009945
9788500013058
9788500008948
9788574743851
8574742643
9788500005589
8585949937
8586264202
9788588483323
9788588483422
9788570080141
9788588483330
9788500015823
8586796930
9788531518331
8587781197
9788564540385
9788525406798
9788537718650
9788500008054
9789725781067
9788574743622
9788500001208
9788599833025
9788586966668
9788536807621
9788536807614
9788500013775
9788573560169
9788576665083
9788598563039
8585919035
8572442618
9788576960379
9788500015083
8532803180
9788520923498
8588844303
9788500009785
9788500011436
9788500008955
9788574744513
9788574743509
8575212125
8572720600
9788582650196
9788537806814
9788537811214
9788537807163
9789896590406
9788571107953
9788537802052
9788537812761
9788571108899
9788537808863
9788537802724
9788537800485
9788571104839
9788571105980
8571104646
9788571104648
8586864269
9788500016073
9788500011597
8574310883
9788500003257
9788500008221
9788500006739
8574740357
8528302687
9788500004094
8572720340
9788500006135
9788500013102
9788564118003
8587648047
9788500016554
9788500014802
9788500010057
9788574741482
9788576792208
9788500015144
8585651040
9788500013843
9788500014574
9788500006432
9788500014307
9788500007644
9788572911023
9788500011382
8588468107
8587757075
9788501066220
8573023473
8575212125
8575212079
8586796689
9788500012310
8574741906
9788500014987
9788500016004
9771806884002
9788520010006
9788500015427
9788585961121
8532801153
8571950830
8574740438
9788500000904
8586797030
9788535912951
8574740969
8585949775
9788500014635
9788500009235
9788561706418
9722905244
8532504876
8532513875
8532507743
9788500003110
9788500004438
8501156256
8501156248
9788531210396
8532518621
8585433485
8587648870
9788500004025
9788588844797
8585433078
9788588844759
9788500012501
9788574745121
9788500009891
9788500006722
9788525423696
9788500012624
9788580411522
9788575421581
8588283093
9788500025907
9788576570035
8525005304
8532515070
8577011615
9788532802293
9788500015922
9788500004070
8585949945
9788562920042
8590394611
8590399915
9788574743448
9788500007637
9788500019531
8585949015
9788500015847
8532802877
8532802850
8532802869
9788500001017
8531507618
8572721606
9788532804334
9788500007927
9788500006289
8532801889
9788500011528
9788500009839
8525039527
9788573029109
9788500016080
8532802478
9788532804389
8528002942
8586474541
9789728712143
9788573530889
9788500009792
9788500005558
9781612190235
8531603471
9788575212004
9788575212011
9788586870859
9788502067431
9788566582017
8532246036
8532250475
9788500001369
9788500008375
9788500002571
9788500009969
8572910867
8576821036
9788500014796
9788500002830
8574742953
9788571106284
8570410697
9788500005565
9788532805174
8589866041
8588414147
9788500014000
9788590524526
8536303328
9788576085157
8586403202
9788520006467
9788532803214
9788500003554
9788500004322
9788500003196
9788500004995
8586966541
9788574744452
8585949678
9788500005961
8598981150
9788500016196
8574741540
9788500013256
9788575428023
9788500003561
9788573534290
8520908330
9788500011238
9788500003233
9788575427620
9788580446678
9788500013324
9788532636218
9788500004803
8531501229
8574742864
9788500009570
9788500004544
8574741558
9788500001420
9788500006029
9788500012129
9788500011894
8585949929
8588889048
9788500004063
9788500002786
9788500003783
9788500005251
9788500002656
9788500005930
8574741388
9722111604
9788500010668
9788599187432
8576051095
9788500005480
9788500006227
9788500014734
9788560096947
9788576657538
9788531601590
8575421492
9788578600327
9788579440076
9788560096930
9788500016332
8526708813
9788500012426
9788500012396
9788574973128
8585641045
9788575221372
8588793156
8532502016
9788532803801
8574742872
9788576841838
8586447854
9788532802545
8574740977
9788500009112
9788579450341
9780141199160
9788520937389
9788525425591
9788500011122
8586116217
7897823414120
8573210370
8520005918
8573022612
8572329528
8534908508
9788571082670
9788573288001
9788500005626
8575420445
9788500015434
8535901825
9788441322561
8585949864
9788500008924
9788576822707
9788527300797
9788577991198
9788500005817
9788500003424
9788520925881
9788534908597
9788415227069
9788532804150
8522008990
9788500013737
9788500010439
9788573285147
9788573285314
9788573285680
9788500007675
8590075532
8523005340
8571140820
9788571143203
9788571143166
8532801285
9788574744391
9788599554166
9788574743967
8587538578
8587538586
9788587538611
9788574922058
8572325824
8539003929
9788500008306
8587995588
8532800998
9788500008382
9788585775186
8587548190
9788500013553
8585651040
9788500008863
9788500004865
9788500005015
8574741396
9788521803614
9788530939663
8598609110
8574211036
978857411497
9788574742113
9788573470420
9788561879372
9788500003714
8573471280
8573124865
9788532624628
8585949961
7897763465893
8531209684
9788500003226
8531209870
8531209692
9788531209741
8531209722
9788535903706
9788535920673
9788567296227
9788587946041
8573688190
8585872233
8571645094
9788535913910
8501071404
8587648935
8587648446
8587157019
9788561906016
9788587444554
8535907424
8535902970
9788535920413
8572550445
9788590358510
8528000141
9788500011115
8532800416
9788500008962
9788586870309
9788500013898
9788500008511
9788500008634
8572321730
8532507492
9788528603170
9788525054463
9788560332335
8588793113
9788535202571
8597648616
9788532503039
9788500002809
8587100122
9788441325364
9788587140456
9788587140258
9788562811029
9788420609607
9788500000430
8574740110
9788580573152
8585949139
9788500013263
8585882182
9788500011580
9788576764816
9788500015977
9788500000621
8528609383
9788573360035
9788500000805
9789898356024
9788532805973
8585371048
9788500009440
9788574029177
9788500000683
8532801471
8573022280
9788525043054
8585949910
9788561706074
9788520920930
9788533605183
9788500016103
9788528607598
9788500010293
8532801803
9788500012440
8586997021
9788577994120
9788577991075
8532800165
8598981338
9788574920405
9788500010972
9788500003004
8532800122
9788500004278
9788540504714
9788500016493
8525035467
9788525056061
8525037060
9788561013004
9788500015663
9788500015755
9788500007392
9788500008733
9788500012105
9788500007453
9788500015175
9788500011276
9788500016134
9788500013119
9788500009822
9788500015830
9788500004667
9788574744179
9788589138567
8576650126
9788539000173
9788500001116
9788577990313
9788577990283
9788577990306
9788577990061
9788577990320
8528607771
8573882255
9788441324633
9788500005220
9788500009297
9788500014253
9788500014604
9788500007743
9788576083023
9788573029017
325343098164
9788500010576
8590394689
8590394662
9788572722490
9788500330339
9788500012853
9788500004674
9788520930212
9788500005107
9788532603838
9788586966064
8574741841
9788500006661
9788500008108
9788500007828
9788500003844
8532802150
9788520934487
8588844290
9788588844391
9788588844247
9788500015762
9788500003219
9788573287318
9788573281163
9788572530378
9788586470370
8534908583
9788576844235
8561578157
9788501075024
9788580440249
9788574029511
9788573029871
9788500006388
85240034456
9788500012228
9788499087535
9788500016158
8572986090
8586857246
8586857181
9788500008450
9788586857348
9788586857171
9788500016011
9788588189010
9788500009396
9788500011030
8573600900
8573283050
8572530312
9788535912517
9788500007521
9788500012341
8587572024
9788575427170
9788586864551
8585433191
8587569023
8587659058
9788500007590
9788532804884
8587569031
8587569066
9788500007422
9788500016608
8528000079
9788587444394
9788500012952
9788500002731
9788500005596
9788500012587
8574742724
8587757318
9788532622457
9788500001499
9788500013430
8585490152
9781619493032
9788571643277
9788441322578
8586447447
9788500012594
8572821210
8586966053
8585775513
9788500011177
9788500010521
9788500012020
8572910794
8586996134
8586966274
8572910441
9788575222355
8574601411
9788525050328
9788572911627
8506018838
9788573246926
9788573246940
9788506049891
8572322639
8511120475
9788579845246
9788599554142
9788500014246
9789899739604
8574742147
8586447846
8520009417
8535402179
9788500011450
9788501089526
9788501071934
8501069698
9788501403575
8501066095
9788574745275
9788598128214
9788500015397
9788500007941
8574740900
9788574740218
9788586870378
9788526806429
9788500015984
8574742236
8574742775
9788574743417
9788537808283
9788500003400
9788572322676
8586424439
9788500014673
9788586424380
9788564210653
8571950490
9788576354505
9788588343450
8535908811
8520910688
9788520929599
8520910858
9788500007408
8535401938
8526707558
9788525426000
9788500015564
8573242744
8586447382
9788598981871
9871138113
9788500010460
9788501078896
9788501019431
9788573024395
9788500014499
9788500014772
9788500004131
9788522100446
9788572324182
9788572324755
9788500011399
9788586870545
9788586870545
9788500008313
9788576851233
8501072087
9788525429308
9788599187777
9788599187845
9788500009877
9788500012464
8585949252
9788500001086
9788500007712
8587887025
8587887041
8587887033
5188546078044
9788500003721
8586941506
9788500008009
9788500013003
9788500004889
8586507970
8586417084
9788500011832
9788574743776
9788500006395
9788500011504
9788500012846
8574601411
9788500008122
9788572910330
9788574743813
9781906261986
8526002040
9788526013780
8574740640
9788500011139
8585173289
8503005174
9788501075796
8585775335
9788576794653
8574750042
9788501082121
8501069809
9788585775865
9788500013812
8585775777
8585297808
9788500014215
8574751103
9788500006852
9788500015960
9788500013331
8576001071
9788500009761
9788500016448
9788500008740
9788500014192
8585949384
9788522007851
9788586966491
8574742066
9788500014376
8585775211
8532802273
9788500009105
8587648829
9788535914085
8532644066
9788500015885
9788500015304
9788576653608
9788575427538
9788560480364
9788585775582
9788562459337
9788539000364
9788500000423
9788500000201
9788532804877
8587648560
9788500008177
9788581030661
9788581030661
9788581030661
9788581030661
9788581030661
9788581030661
9788581030661
9788581030661
9780521559287
8520918620
9788500005473
9788580441055
8588689014
8589001016
9788590904502
8578384318
9788520907023
9788579621789
9788500010002
9788501078179
9788500006838
9788500008900
8586447218
8598713023
9788500009280
9788500014031
9788500005732
9788500013713
9788500007859
8587648470
9788560866014
8575020277
9788500007323
9788500003240
9788500005374
9788563365125
8588386127
8585775911
8571140073
8532802010
8585949651
8573782153
8573735886
8532804071
9788500004209
9788500009624
9788576822608
9788560544349
8575311204
9788562945007
8573246910
9788500013041
9788500007064
8574743135
9788598453026
9788539000371
9788576181170
8576181142
9788576181828
8573725346
9788561136628
9788500015182
9788500005114
9788500006029
8574742678
8574741612
8574740080
8532800440
9788500006609
9788576841357
9788574743899
8586583260
8586966339
8586966444
8586966266
8586966070
8586966223
9788500007842
9788574744605
9788574743752
9788500009006
9788589833905
8574742970
9788500016592
9788500012600
9788500013317
8574741477
8574740411
9788500009211
9788586264542
8585433205
9788500010651
8532800505
9788500008917
9788500010132
8585882026
8586966584
9788500008627
8586966410
9788573283716
9788500006975
8585949287
9788574747132
9788500001185
8508014201
9788500016349
9788587795724
9789899833371
8585949503
8598304026
9788574741369
9788574740959
9188500009020
9788574743578
9788561551100
8573360100
9788500013911
9788500009242
9788500000843
9788500001031
9788585885106
9788587781253
9788500009679
9788587781116
9798587781153
9788573533149
8533615493
8574480940
9788500002687
9788500014024
9788588849426
8572910212
9788500015205
9788500009952
9788500007613
9788500008672
8586966193
9788520920763
9788572837996
9788525418760
8587444069
9788500014765
9788500013089
9788563560629
9788574743479
9788573023244
9788500014239
9788500015380
9788500008061
9788500011962
9788500016202
9788500012921
9788500015632
9788500010989
9788500009075
9788500015076
9788500015908
8585775882
978576620219
8585775203
8575311476
8528001008
8573024372
9788500015298
8525046035
8525042250
9788576580355
8574743151
8587328131
9789896350635
8574742309
8574740500
9788525410511
9788574743714
9788500014833
9789505156016
9788500012143
9788577153114
9788500010187
9788598981970
8572820370
8532800157
8528002551
9788587444370
9788587444752
9788500008078
8528004937
8525404241
9788501066657
9788500000638
9788574741314
9788574745763
8532803032
8575870521
9788587220080
8573024615
9788574744261
9788574743707
8572911332
8572911014
9788500010514
9788500000669
9788500017636
9798573020471
9788500000584
9788500006548
9788500011924
8573360020
8526311332
8573026979
9788500001475
9788500008795
8571108471
9788526807778
9788501067937
9788525053503
8532803580
9788580573107
8574740020
9788500014468
8532801781
9788500016356
9788500015465
8572326243
9788500011344
9788500015229
9788500009433
9788599896365
8586870200
9788500005718
8535901353
8586447188
9798572326284
9788500008405
8528002705
8535903593
9788589976084
9788500016318
9788500005893
9788532801975
9789722321174
9788587795137
8586870277
8532802311
8574741957
9788587444431
9788500010415
9788520010303
8587887068
8532520995
9788526015241
9788500010354
9788586470028
8586470260
9788573028522
9788500009556
9788576822127
9788572974721
8525404837
8570380186
9788500010200
9788500007996
9788500006616
9788500013621
9788500011931
9788500009594
9788500007439
9788500007583
9788500012013
9788500002526
9788500002649
9788500002557
9788500001819
9788500004988
9788576653851
8532803148
8525411833
9788586966200
9788500007606
9788500015588
9788500008535
9788500006777
9788500007262
9788500000676
9788500008474
8588193191
8532800203
9788587011350
8570250010
9788500009426
8573570199
8586966029
8525412210
9788586344015
8573534320
8572326855
8501077798
9788500011818
9788500014819
9788500011160
9788500012822
9788500013782
8531902797
9788500005039
8501077470
9788500004018
9788500003134
9788539002641
9788500015519
8525426580
9788520927397
9788588583061
9788573125344
9788571141162
9788500014963
8585433728
9788500016059
8586447250
9788500013546
8586447269
9788500013409
9788500009051
9788500013362
9788500016400
9788500000713
9788500001802
9788500003875
9188573724064
9788539004140
9788539002191
9788525057198
9788500008979
9788500007965
8587648705
8587220780
8560531009
9788500002465
9788500001918
9788500002519
9788500003981
9788500002922
8571644829
9788500010538
9788500009730
9788500016189
9788571391734
9788500000850
9788500001970
9788500006623
8571648395
9788573430349
8526221094
9788500008139
9788532802958
8535915079
9788598610870
8589420019
9788500007866
8586966568
8531601720
9788500010323
9788500012303
9788500006517
9788500013515
8576960141
9788500008603
9788500008856
8587444280
9788500004575
9788500006128
9788586311451
8574741353
9788441326132
9788500014314
9788506070109
9788586870804
9788441324640
8588118017
9788500013942
9788571235229
9788501061966
9788535201772
8856501198
8506006910
9788589362610
8573413174
9788500009938
8587220870
8586966100
8599083880
9788586857041
9788561063016
9788571143159
9788532805454
9788500013355
9788500013133
8587648489
9788500015281
9788500009402
9788500011948
9788500003141
8573058463
9788577993390
9788532510037
8501077887
9788532505972
9788501404312
9788500013096
9788500014437
9788599362969
8586111015
9788500005077
9788532801265
8574742040
9788500008115
9788500014536
8588648326
9788501021144
9788500016257
9788573247152
9788500010958
8585775289
9788561136673
9788500007507
9788500014451
9788573352016
9788500014390
9788500012648
9788500010804
9788500008467
9788500008719
9788500006890
9788500012525
9788500010637
8528004538
9788500016585
9788500000997
9788500001895
9788525055903
9788574741772
8574741795
9788500002489
9788500002533
9788574743783
9788500002229
9788522449514
9788576826286
9788500013225
8573029846
9788500000577
9788535907674
8535906096
8525405205
8573023511
8508053401
9788500015861
9788500009815
9788500004049
9788500006883
8532802532
9788500003738
8575562371
9788500005725
8575562100
9788588390591
9788576826453
9788574743349
8577881369
9788525039705
9788500011795
8572790160
9788500009228
8576540290
8573284110
9788573283983
9788573283976
9788500004223
9788572329750
9788586796647
8586796255
8532801013
9788441325371
9788537801352
9788535228786
8573074566
8585433213
8575350099
9788500003370
8528606775
9788573287943
9788573287967
9788573280340
9788573283136
9788560280094
9789722037075
8576820811
9788598128238
8573942787
8587100327
9788500015106
9788574482071
9788520011218
8570072228
8588844370
8588844281
9788500002120
9788588844124
8588844087
9788500016691
9788500015694
9788580574517
